0 11.490867 3.6426437 7.848223 0.0017788921 7.846444 1.3542956
100 0.9892076 0.57836705 0.4108406 0.13574535 0.27509525 1.4755325
200 0.9948219 0.52864444 0.46617746 0.24187388 0.2243036 1.478185
300 0.8305061 0.40799317 0.42251292 0.31140935 0.11110357 1.4956063
400 0.75670326 0.3120909 0.44461232 0.3075208 0.13709152 1.5075705
500 0.71010053 0.26143786 0.44866264 0.28437793 0.1642847 1.5282156
600 0.68533206 0.21162489 0.47370714 0.2723261 0.20138104 1.5450819
700 0.6751585 0.24931207 0.4258464 0.1441393 0.28170708 1.5601285
800 0.53911406 0.1970972 0.34201688 0.16188312 0.18013377 1.5825351
900 0.74945676 0.33503774 0.41441903 0.19100821 0.22341082 1.6053634
1000 0.5770793 0.25017342 0.3269059 0.17689867 0.15000722 1.629612
1100 0.5446576 0.23447986 0.3101777 0.122741066 0.18743666 1.6611565
1200 0.38292503 0.10007708 0.28284794 0.15547776 0.12737018 1.6878676
1300 0.37185538 0.10547836 0.266377 0.1412076 0.1251694 1.7071725
1400 0.41534868 0.14219823 0.27315044 0.16110249 0.11204795 1.7245462
1500 0.40958536 0.14339809 0.26618725 0.1157181 0.15046915 1.7431188
1600 0.2976981 0.043772195 0.25392592 0.13405558 0.11987032 1.760419
1700 0.32916397 0.06943165 0.2597323 0.13145387 0.12827842 1.7765269
1800 0.26916313 0.017242016 0.25192112 0.12765974 0.12426137 1.7912501
1900 0.282402 0.034446996 0.24795502 0.1260758 0.12187922 1.806035
2000 0.25878352 0.01184774 0.24693578 0.12040642 0.12652937 1.8182914
2100 0.2652664 0.016922252 0.24834412 0.11505621 0.13328792 1.8333325
2200 0.2698463 0.024456922 0.24538937 0.12327858 0.12211079 1.8478453
2300 0.27314875 0.024138495 0.24901025 0.13060932 0.11840093 1.8627044
2400 0.2466169 0.010897583 0.23571932 0.10259885 0.13312048 1.8783495
2500 0.2391717 0.010476815 0.22869489 0.116670474 0.11202442 1.8937106
2600 0.242672 0.0067018284 0.23597017 0.12724333 0.108726844 1.9099389
2700 0.23570149 0.011260377 0.22444111 0.11664495 0.10779617 1.9296756
2800 0.21899067 0.010352487 0.20863818 0.10628435 0.102353826 1.9512767
2900 0.23683985 0.011156955 0.22568288 0.11913704 0.10654584 1.9781349
3000 0.2099645 0.011117561 0.19884694 0.08439055 0.11445638 2.0059812
3100 0.19893599 0.010379815 0.18855616 0.0851351 0.10342106 2.0432847
3200 0.21819027 0.017601658 0.20058861 0.11670977 0.08387884 2.0829465
3300 0.1954556 0.015470773 0.17998482 0.08117962 0.098805204 2.1236658
3400 0.21099141 0.02670712 0.18428428 0.09894181 0.085342474 2.1684546
3500 0.1415014 0.012958285 0.12854311 0.07062265 0.05792046 2.2059684
3600 0.11726858 0.030749943 0.08651863 0.043428484 0.04309015 2.2368004
3700 0.15441044 0.014716473 0.13969396 0.07723914 0.062454816 2.270696
3800 0.16259012 0.015399304 0.14719081 0.07299876 0.07419205 2.3141801
3900 0.18057036 0.019240174 0.1613302 0.073265545 0.08806464 2.344821
4000 0.099682815 0.015595128 0.084087685 0.038780086 0.045307603 2.375547
4100 0.10366776 0.014965609 0.08870215 0.055812884 0.032889266 2.4058428
4200 0.122263454 0.017487772 0.10477568 0.057274126 0.047501553 2.4421616
4300 0.12311916 0.025046319 0.09807284 0.04606197 0.05201087 2.50578
4400 0.117336854 0.013529432 0.10380742 0.04860202 0.0552054 2.5402691
4500 0.09013542 0.018135518 0.0719999 0.030248988 0.04175091 2.567815
4600 0.1210822 0.014779419 0.10630278 0.036039345 0.07026344 2.5962656
4700 0.049579825 0.011339787 0.038240038 0.023490679 0.0147493575 2.6249554
4800 0.064371236 0.018623432 0.045747805 0.016126508 0.029621297 2.6537352
4900 0.040371172 0.010964833 0.02940634 0.015376228 0.014030113 2.6839812
5000 0.11290553 0.020679405 0.092226125 0.054954 0.037272125 2.7217271
5100 0.051334277 0.010325639 0.041008636 0.0172953 0.023713337 2.7740808
5200 0.087007426 0.015291895 0.071715534 0.04252566 0.029189873 2.7959275
5300 0.052219167 0.018405918 0.03381325 0.008451267 0.025361981 2.8211977
5400 0.04127925 0.010601213 0.030678034 0.009396295 0.021281738 2.8483686
5500 0.051457554 0.018388508 0.033069048 0.009254471 0.023814576 2.8722
5600 0.029026337 0.009354368 0.01967197 0.0099796085 0.00969236 2.897696
5700 0.025568396 0.009184231 0.016384164 0.010064534 0.00631963 2.91711
5800 0.027362946 0.007930685 0.019432262 0.00947144 0.009960822 2.9432347
5900 0.04019776 0.0085028205 0.03169494 0.015699867 0.015995074 2.962817
6000 0.025369085 0.013156404 0.0122126825 0.0072322907 0.004980392 2.9840035
6100 0.030201748 0.01080094 0.019400809 0.007819951 0.011580859 3.0178685
6200 0.022336109 0.007167662 0.015168447 0.011579051 0.0035893968 3.0360427
6300 0.021954078 0.010026238 0.01192784 0.0049891956 0.0069386447 3.050933
6400 0.028234951 0.0057079745 0.022526976 0.006716621 0.015810354 3.065678
6500 0.02430557 0.0075853122 0.016720258 0.00989385 0.0068264073 3.080771
6600 0.025639173 0.00871028 0.016928893 0.007315879 0.009613013 3.0993218
6700 0.09220928 0.01904926 0.07316002 0.03336707 0.039792947 3.1182563
6800 0.27803317 0.07310897 0.2049242 0.117077 0.08784719 3.3955336
6900 0.04838947 0.014521661 0.033867806 0.016850231 0.017017577 3.5365717
7000 0.050707392 0.027619695 0.023087699 0.011950458 0.01113724 3.5545716
7100 0.02822745 0.007336018 0.020891432 0.0086391065 0.012252324 3.5663562
7200 0.021583017 0.0048561557 0.01672686 0.0029796031 0.013747258 3.5753152
7300 0.02706373 0.00569576 0.021367969 0.011037014 0.010330955 3.58308
7400 0.02348615 0.005482804 0.018003346 0.009540555 0.008462791 3.5914447
7500 0.014825128 0.005897288 0.00892784 0.0026797277 0.006248112 3.5996866
7600 0.020304814 0.0057604467 0.014544367 0.0064265532 0.008117814 3.6093245
7700 0.013002733 0.004806982 0.00819575 0.0027247833 0.005470967 3.6205444
7800 0.012868517 0.0058399616 0.0070285555 0.0024481348 0.0045804204 3.6285653
7900 0.015952846 0.0038576997 0.012095146 0.0046005314 0.0074946145 3.6371803
8000 0.021473384 0.005518569 0.015954815 0.005509415 0.0104454 3.6482797
8100 0.026943944 0.006371945 0.020572 0.0045155203 0.01605648 3.6601741
8200 0.029825972 0.0047799028 0.02504607 0.012927046 0.012119022 3.6716537
8300 0.011740088 0.0053588874 0.0063812006 0.003106467 0.0032747334 3.6807787
8400 0.015616921 0.006119379 0.009497542 0.0046371343 0.0048604077 3.6935878
8500 0.014140286 0.0042346283 0.009905657 0.0027630161 0.00714264 3.706454
8600 0.043912917 0.006575184 0.03733773 0.012543994 0.024793738 3.7244318
8700 0.009524077 0.0036272747 0.005896802 0.0023247357 0.0035720665 3.7378874
8800 0.022178907 0.00909466 0.013084248 0.0071135904 0.005970658 3.7543225
8900 0.01854193 0.003767706 0.014774224 0.010808661 0.0039655636 3.7720587
9000 0.019912813 0.007614234 0.012298578 0.0021034528 0.010195126 3.7844882
9100 0.0124498475 0.0042460687 0.008203778 0.005645032 0.002558746 3.7981806
9200 0.029517174 0.0125154 0.017001774 0.00943537 0.0075664045 3.8350792
9300 0.025040986 0.010918936 0.01412205 0.008325375 0.005796675 3.8888474
9400 0.028500782 0.0124854 0.016015382 0.0009932948 0.015022087 3.9152923
9500 0.015535103 0.0035246182 0.012010485 0.005003331 0.007007154 3.9374783
9600 0.016976822 0.0038000434 0.013176778 0.006127564 0.007049215 3.9486375
9700 0.011601068 0.0040356084 0.00756546 0.0022855275 0.0052799326 3.9646308
9800 0.019368064 0.005454274 0.01391379 0.006037776 0.007876014 3.9791262
9900 0.118640274 0.030294761 0.08834551 0.049247406 0.039098106 4.2769485
10000 0.027096678 0.0061515113 0.020945165 0.0079257665 0.013019399 4.3418994
